0.012890625
0.012890625
0.038671874999999994
0.064453125
0.09023437499999999
0.09023437499999999
0.116015625
0.141796875
0.167578125
0.167578125
0.193359375
0.21914062499999998
0.24492187499999998
0.24492187499999998
0.270703125
0.29648437499999997
0.29648437499999997
0.322265625
0.348046875
0.348046875
0.37382812499999996
0.399609375
0.399609375
0.399609375
0.451171875
0.451171875
0.476953125
0.476953125
0.502734375
0.5285156249999999
0.554296875
0.554296875
0.580078125
0.580078125
0.605859375
0.631640625
0.631640625
0.631640625
0.6574218749999999
0.6832031249999999
0.6832031249999999
0.708984375
0.708984375
0.734765625
0.734765625
0.760546875
0.7863281249999999
0.7863281249999999
0.8121093749999999
0.8121093749999999
0.837890625
0.837890625
0.837890625
0.889453125
0.889453125
0.9152343749999999
0.9152343749999999
0.9410156249999999
0.9410156249999999
0.966796875
0.966796875
0.992578125
1.018359375
0.992578125
1.018359375
1.018359375
1.044140625
1.069921875
1.069921875
1.095703125
1.095703125
1.095703125
1.1214843749999999
1.147265625
1.147265625
1.173046875
1.173046875
1.173046875
1.198828125
1.198828125
1.224609375
1.2503906249999999
1.2503906249999999
1.2503906249999999
1.276171875
1.276171875
1.3019531249999998
1.3019531249999998
1.3019531249999998
1.327734375
1.327734375
1.353515625
1.353515625
1.3792968749999999
1.3792968749999999
1.3792968749999999
1.405078125
1.405078125
1.405078125
1.4308593749999998
1.456640625
1.456640625
1.456640625
1.482421875
1.482421875
1.482421875
1.5082031249999999
1.5082031249999999
1.533984375
1.533984375
1.533984375
1.5597656249999998
1.5597656249999998
1.5597656249999998
1.585546875
1.585546875
1.611328125
1.611328125
1.6371093749999999
1.6371093749999999
1.6371093749999999
1.6371093749999999
1.662890625
1.662890625
1.662890625
1.6886718749999998
1.6886718749999998
1.714453125
1.714453125
1.714453125
1.740234375
1.740234375
1.740234375
1.7660156249999999
1.7660156249999999
1.791796875
1.791796875
1.791796875
1.791796875
1.8175781249999998
1.8175781249999998
1.8175781249999998
1.8175781249999998
1.843359375
1.843359375
1.869140625
1.869140625
1.869140625
1.869140625
1.8949218749999999
1.8949218749999999
1.8949218749999999
1.920703125
1.920703125
1.920703125
1.9464843749999998
1.9464843749999998
1.9464843749999998
1.9464843749999998
1.9464843749999998
1.972265625
1.972265625
1.972265625
1.998046875
1.998046875
2.023828125
2.023828125
2.023828125
2.023828125
2.023828125
2.0496093749999997
2.0496093749999997
2.0496093749999997
2.0496093749999997
2.075390625
2.075390625
2.075390625
2.101171875
2.101171875
2.075390625
2.101171875
2.101171875
2.126953125
2.126953125
2.126953125
2.152734375
2.152734375
2.152734375
2.152734375
2.1785156249999997
2.1785156249999997
2.1785156249999997
2.1785156249999997
2.1785156249999997
2.204296875
2.204296875
2.204296875
2.204296875
2.230078125
2.230078125
2.230078125
2.230078125
2.255859375
2.255859375
2.255859375
2.281640625
2.255859375
2.281640625
2.281640625
2.281640625
2.281640625
2.281640625
2.3074218749999997
2.3074218749999997
2.3074218749999997
2.3074218749999997
2.333203125
2.333203125
2.333203125
2.333203125
2.333203125
2.358984375
2.358984375
2.358984375
2.358984375
2.384765625
2.384765625
2.384765625
2.384765625
2.384765625
2.410546875
2.410546875
2.410546875
2.410546875
2.410546875
2.410546875
2.4363281249999997
2.4363281249999997
2.4363281249999997
2.4363281249999997
2.4363281249999997
2.4363281249999997
2.462109375
2.462109375
2.462109375
2.487890625
2.487890625
2.487890625
2.487890625
2.487890625
2.487890625
2.487890625
2.513671875
2.487890625
2.487890625
2.513671875
2.513671875
2.513671875
2.513671875
2.5394531249999996
2.5394531249999996
2.5394531249999996
2.5394531249999996
2.5394531249999996
2.5394531249999996
2.5394531249999996
2.5652343749999997
2.5652343749999997
2.5652343749999997
2.5652343749999997
2.5652343749999997
2.5652343749999997
2.5652343749999997
2.591015625
2.5652343749999997
2.591015625
2.591015625
2.591015625
2.591015625
2.591015625
2.616796875
2.616796875
2.616796875
2.616796875
2.616796875
2.616796875
2.642578125
2.616796875
2.6683593749999996
2.642578125
2.642578125
2.642578125
2.642578125
2.642578125
2.642578125
2.6683593749999996
2.6683593749999996
2.6683593749999996
2.6683593749999996
2.6683593749999996
2.6683593749999996
2.6683593749999996
2.6941406249999997
2.6683593749999996
2.6941406249999997
2.6941406249999997
2.6941406249999997
2.6941406249999997
2.6941406249999997
2.6941406249999997
2.719921875
2.719921875
2.719921875
2.719921875
2.719921875
2.719921875
2.719921875
2.719921875
2.719921875
2.745703125
2.745703125
2.745703125
2.745703125
2.745703125
2.745703125
2.745703125
2.745703125
2.745703125
2.745703125
2.745703125
2.771484375
2.771484375
2.7972656249999996
2.771484375
2.771484375
2.771484375
2.771484375
2.771484375
2.7972656249999996
2.7972656249999996
2.7972656249999996
2.7972656249999996
2.7972656249999996
2.7972656249999996
2.7972656249999996
2.7972656249999996
2.7972656249999996
2.7972656249999996
2.8230468749999997
2.8230468749999997
2.8230468749999997
2.8230468749999997
2.8230468749999997
2.8230468749999997
2.8230468749999997
2.8230468749999997
2.8230468749999997
2.8230468749999997
2.848828125
2.848828125
2.848828125
2.848828125
2.848828125
2.848828125
2.848828125
2.848828125
2.848828125
2.848828125
2.874609375
2.874609375
2.848828125
2.874609375
2.874609375
2.874609375
2.874609375
2.874609375
2.900390625
2.874609375
2.900390625
2.900390625
2.900390625
2.900390625
2.900390625
2.900390625
2.900390625
2.900390625
2.900390625
2.900390625
2.900390625
2.900390625
2.900390625
2.900390625
2.900390625
2.9261718749999996
2.900390625
2.900390625
2.9261718749999996
2.9261718749999996
2.9261718749999996
2.9261718749999996
2.9261718749999996
2.9261718749999996
2.9261718749999996
2.9261718749999996
2.9261718749999996
2.9519531249999997
2.9261718749999996
2.9261718749999996
2.9519531249999997
2.9261718749999996
2.9261718749999996
2.9519531249999997
2.9519531249999997
2.9519531249999997
2.9519531249999997
2.9519531249999997
2.9519531249999997
2.9519531249999997
2.9519531249999997
2.9519531249999997
2.9519531249999997
2.9519531249999997
2.9519531249999997
2.9519531249999997
2.977734375
2.977734375
2.977734375
2.977734375
2.977734375
2.977734375
2.977734375
2.977734375
2.977734375
2.977734375
2.977734375
2.977734375
2.977734375
2.977734375
2.977734375
2.977734375
2.977734375
3.003515625
3.003515625
3.003515625
3.003515625
2.977734375
3.003515625
3.003515625
3.003515625
3.003515625
3.003515625
3.003515625
3.003515625
3.003515625
3.003515625
3.003515625
3.003515625
3.003515625
3.003515625
3.003515625
3.003515625
3.029296875
3.003515625
3.029296875
3.029296875
3.003515625
3.029296875
3.029296875
3.029296875
3.029296875
3.029296875
3.029296875
3.029296875
3.029296875
3.029296875
3.029296875
3.0550781249999996
3.029296875
3.029296875
3.0550781249999996
3.029296875
3.029296875
3.0550781249999996
3.0550781249999996
3.0550781249999996
3.0550781249999996
3.0550781249999996
3.0550781249999996
3.0550781249999996
3.0550781249999996
3.0550781249999996
3.0550781249999996
3.0550781249999996
3.0550781249999996
3.0550781249999996
3.0808593749999997
3.0550781249999996
3.0550781249999996
3.0550781249999996
3.0550781249999996
3.0550781249999996
3.0550781249999996
3.0808593749999997
3.0550781249999996
3.0550781249999996
3.0550781249999996
3.0550781249999996
3.0808593749999997
3.0808593749999997
3.0808593749999997
3.0808593749999997
3.0808593749999997
3.0808593749999997
3.0808593749999997
3.0808593749999997
3.0808593749999997
3.0808593749999997
3.0808593749999997
3.0808593749999997
3.0550781249999996
3.106640625
3.0808593749999997
3.0808593749999997
3.0808593749999997
3.0808593749999997
3.0808593749999997
3.106640625
3.0808593749999997
3.106640625
3.106640625
3.0808593749999997
3.106640625
3.106640625
3.106640625
3.106640625
3.106640625
3.106640625
3.106640625
3.106640625
3.106640625
3.0808593749999997
3.106640625
3.106640625
3.106640625
3.106640625
3.106640625
3.106640625
3.106640625
3.106640625
3.106640625
3.106640625
3.106640625
3.106640625
3.106640625
3.106640625
3.106640625
3.106640625
3.106640625
3.106640625
3.106640625
3.106640625
3.106640625
3.106640625
3.132421875
3.106640625
3.132421875
3.106640625
3.106640625
3.106640625
3.132421875
3.132421875
3.132421875
3.106640625
3.132421875
3.106640625
3.132421875
3.132421875
3.132421875
3.132421875
3.106640625
3.132421875
3.132421875
3.132421875
3.132421875
3.132421875
3.132421875
3.132421875
3.132421875
3.132421875
3.132421875
3.132421875
3.132421875
3.132421875
3.132421875
3.132421875
3.132421875
3.158203125
3.132421875
3.132421875
3.132421875
3.158203125
3.158203125
3.158203125
3.132421875
3.132421875
3.158203125
3.158203125
3.132421875
3.132421875
3.158203125
3.132421875
3.158203125
3.132421875
3.158203125
3.158203125
3.158203125
3.158203125
3.158203125
3.158203125
3.158203125
3.158203125
3.158203125
3.158203125
3.158203125
3.158203125
3.158203125
3.158203125
3.158203125
3.158203125
3.158203125
3.158203125
3.158203125
3.158203125
3.158203125
3.158203125
3.158203125
3.158203125
3.158203125
3.158203125
3.158203125
3.158203125
3.158203125
3.158203125
3.158203125
3.158203125
3.1839843749999996
3.1839843749999996
3.158203125
3.158203125
3.158203125
3.158203125
3.158203125
3.1839843749999996
3.1839843749999996
3.158203125
3.1839843749999996
3.158203125
3.158203125
3.158203125
3.158203125
3.158203125
3.1839843749999996
3.1839843749999996
3.1839843749999996
3.158203125
3.1839843749999996
3.1839843749999996
3.158203125
3.1839843749999996
3.158203125
3.1839843749999996
3.1839843749999996
3.1839843749999996
3.1839843749999996
3.1839843749999996
3.1839843749999996
3.1839843749999996
3.1839843749999996
3.1839843749999996
3.1839843749999996
3.1839843749999996
3.1839843749999996
3.1839843749999996
3.1839843749999996
3.1839843749999996
3.1839843749999996
3.1839843749999996
3.1839843749999996
3.1839843749999996
3.1839843749999996
3.1839843749999996
3.1839843749999996
3.1839843749999996
3.1839843749999996
3.1839843749999996
3.1839843749999996
3.1839843749999996
3.1839843749999996
3.1839843749999996
3.1839843749999996
3.1839843749999996
3.1839843749999996
3.1839843749999996
3.1839843749999996
3.1839843749999996
3.1839843749999996
3.1839843749999996
3.1839843749999996
3.1839843749999996
3.2097656249999997
3.158203125
3.158203125
3.132421875
3.106640625
3.0808593749999997
3.106640625
3.0550781249999996
3.029296875
3.029296875
3.003515625
2.977734375
2.977734375
2.9519531249999997
2.9261718749999996
2.9261718749999996
2.900390625
2.900390625
2.848828125
2.848828125
2.8230468749999997
2.8230468749999997
2.7972656249999996
2.771484375
2.7972656249999996
2.745703125
2.745703125
2.719921875
2.719921875
2.6941406249999997
2.6683593749999996
2.6683593749999996
2.642578125
2.616796875
2.616796875
2.616796875
2.591015625
2.591015625
2.5652343749999997
2.5394531249999996
2.5394531249999996
2.513671875
2.487890625
2.487890625
2.487890625
2.462109375
2.4363281249999997
2.4363281249999997
2.410546875
2.410546875
2.384765625
2.384765625
2.384765625
2.358984375
2.333203125
2.333203125
2.3074218749999997
2.3074218749999997
2.281640625
2.281640625
2.255859375
2.230078125
2.230078125
2.230078125
2.204296875
2.1785156249999997
2.1785156249999997
2.152734375
2.152734375
2.126953125
2.126953125
2.126953125
2.101171875
2.101171875
2.075390625
2.075390625
2.0496093749999997
2.0496093749999997
2.0496093749999997
2.023828125
1.998046875
1.998046875
1.998046875
1.972265625
1.972265625
1.9464843749999998
1.9464843749999998
1.920703125
1.920703125
1.920703125
1.8949218749999999
1.8949218749999999
1.8949218749999999
1.869140625
1.843359375
1.843359375
1.843359375
1.8175781249999998
1.8175781249999998
1.791796875
1.791796875
1.791796875
1.791796875
1.7660156249999999
1.7660156249999999
1.740234375
1.740234375
1.740234375
1.714453125
1.714453125
1.6886718749999998
1.6886718749999998
1.6886718749999998
1.662890625
1.662890625
1.662890625
1.6371093749999999
1.6371093749999999
1.611328125
1.611328125
1.611328125
1.585546875
1.585546875
1.585546875
1.585546875
1.5597656249999998
1.5597656249999998
1.5597656249999998
1.5597656249999998
1.533984375
1.5082031249999999
1.5082031249999999
1.5082031249999999
1.482421875
1.482421875
1.456640625
1.456640625
1.456640625
1.456640625
1.456640625
1.4308593749999998
1.4308593749999998
1.405078125
1.405078125
1.405078125
1.3792968749999999
1.3792968749999999
1.3792968749999999
1.3792968749999999
1.3792968749999999
1.353515625
1.353515625
1.353515625
1.327734375
1.327734375
1.327734375
1.3019531249999998
1.3019531249999998
1.3019531249999998
1.3019531249999998
1.276171875
1.276171875
1.276171875
1.276171875
1.2503906249999999
1.2503906249999999
1.2503906249999999
1.2503906249999999
1.2503906249999999
1.224609375
1.224609375
1.224609375
1.198828125
1.198828125
1.198828125
1.198828125
1.173046875
1.173046875
1.173046875
1.173046875
1.147265625
1.147265625
1.147265625
1.147265625
1.1214843749999999
1.1214843749999999
1.1214843749999999
1.095703125
1.095703125
1.095703125
1.095703125
1.069921875
1.069921875
1.069921875
1.069921875
1.044140625
1.044140625
1.044140625
1.044140625
1.044140625
1.018359375
1.018359375
1.018359375
1.018359375
1.018359375
0.992578125
0.9152343749999999
0.992578125
0.992578125
0.992578125
0.966796875
0.966796875
0.966796875
0.966796875
0.9410156249999999
0.966796875
0.9410156249999999
0.9152343749999999
0.9410156249999999
0.9152343749999999
0.9152343749999999
0.9152343749999999
0.9152343749999999
0.9152343749999999
0.9152343749999999
0.9152343749999999
0.889453125
0.889453125
0.889453125
0.889453125
0.863671875
0.863671875
0.863671875
0.863671875
0.863671875
0.837890625
0.837890625
0.8121093749999999
0.8121093749999999
0.8121093749999999
0.8121093749999999
0.8121093749999999
0.8121093749999999
0.8121093749999999
0.8121093749999999
0.8121093749999999
0.8121093749999999
0.7863281249999999
0.7863281249999999
0.7863281249999999
0.7863281249999999
0.7863281249999999
0.7863281249999999
0.7863281249999999
0.7863281249999999
0.760546875
0.760546875
0.760546875
0.760546875
0.734765625
0.760546875
0.734765625
0.734765625
0.734765625
0.734765625
0.734765625
0.734765625
0.708984375
0.734765625
0.708984375
0.708984375
0.708984375
0.6832031249999999
0.708984375
0.6832031249999999
0.6832031249999999
0.6832031249999999
0.6832031249999999
0.6574218749999999
0.6574218749999999
0.6574218749999999
0.6574218749999999
0.6574218749999999
0.6574218749999999
0.6574218749999999
0.6574218749999999
0.6574218749999999
0.631640625
0.631640625
0.631640625
0.631640625
0.631640625
0.631640625
0.631640625
0.631640625
0.631640625
0.631640625
0.631640625
0.605859375
0.605859375
0.605859375
0.580078125
0.605859375
0.605859375
0.605859375
0.580078125
0.580078125
0.580078125
0.580078125
0.580078125
0.580078125
0.580078125
0.554296875
0.580078125
0.554296875
0.554296875
0.554296875
0.554296875
0.554296875
0.5285156249999999
0.5285156249999999
0.5285156249999999
0.5285156249999999
0.5285156249999999
0.5285156249999999
0.502734375
0.502734375
0.502734375
0.502734375
0.502734375
0.502734375
0.502734375
0.502734375
0.502734375
0.502734375
0.502734375
0.476953125
0.476953125
0.476953125
0.476953125
0.476953125
0.476953125
0.476953125
0.476953125
0.476953125
0.476953125
0.476953125
0.476953125
0.476953125
0.476953125
0.451171875
0.451171875
0.451171875
0.451171875
0.451171875
0.451171875
0.451171875
0.42539062499999997
0.42539062499999997
0.42539062499999997
0.42539062499999997
0.42539062499999997
0.42539062499999997
0.42539062499999997
0.42539062499999997
0.399609375
0.399609375
0.399609375
0.399609375
0.399609375
0.399609375
0.399609375
0.399609375
0.399609375
0.399609375
0.399609375
0.399609375
0.399609375
0.399609375
0.399609375
0.37382812499999996
0.399609375
0.37382812499999996
0.348046875
0.37382812499999996
0.37382812499999996
0.37382812499999996
0.37382812499999996
0.37382812499999996
0.37382812499999996
0.37382812499999996
0.37382812499999996
0.37382812499999996
0.37382812499999996
0.348046875
0.348046875
0.348046875
0.348046875
0.348046875
0.348046875
0.348046875
0.348046875
0.348046875
0.348046875
0.348046875
0.322265625
0.348046875
0.348046875
0.348046875
0.322265625
0.322265625
0.322265625
0.322265625
0.322265625
0.322265625
0.322265625
0.322265625
0.322265625
0.322265625
0.322265625
0.322265625
0.29648437499999997
0.29648437499999997
0.322265625
0.29648437499999997
0.322265625
0.29648437499999997
0.322265625
0.29648437499999997
0.29648437499999997
0.29648437499999997
0.29648437499999997
0.29648437499999997
0.29648437499999997
0.29648437499999997
0.29648437499999997
0.270703125
0.29648437499999997
0.29648437499999997
0.270703125
0.270703125
0.270703125
0.270703125
0.29648437499999997
0.270703125
0.270703125
0.270703125
0.270703125
0.270703125
0.270703125
0.270703125
0.270703125
0.270703125
0.270703125
0.270703125
0.24492187499999998
0.270703125
0.270703125
0.24492187499999998
0.24492187499999998
0.24492187499999998
0.24492187499999998
0.24492187499999998
0.24492187499999998
0.24492187499999998
0.24492187499999998
0.24492187499999998
0.24492187499999998
0.24492187499999998
0.24492187499999998
0.24492187499999998
0.21914062499999998
0.21914062499999998
0.24492187499999998
0.21914062499999998
0.21914062499999998
0.24492187499999998
0.21914062499999998
0.21914062499999998
0.21914062499999998
0.21914062499999998
0.21914062499999998
0.24492187499999998
0.21914062499999998
0.24492187499999998
0.21914062499999998
0.21914062499999998
0.21914062499999998
0.21914062499999998
0.21914062499999998
0.21914062499999998
0.21914062499999998
0.193359375
0.193359375
0.21914062499999998
0.193359375
0.21914062499999998
0.193359375
0.193359375
0.21914062499999998
0.193359375
0.193359375
0.193359375
0.193359375
0.193359375
0.193359375
0.193359375
0.193359375
0.193359375
0.193359375
0.193359375
0.193359375
0.193359375
0.193359375
0.193359375
0.193359375
0.193359375
0.193359375
0.193359375
0.193359375
0.167578125
0.193359375
0.193359375
0.167578125
0.193359375
0.167578125
0.167578125
0.193359375
0.167578125
0.167578125
0.167578125
0.193359375
0.167578125
0.167578125
0.167578125
0.167578125
0.167578125
0.167578125
0.193359375
0.167578125
0.167578125
0.167578125
0.167578125
0.167578125
0.167578125
0.167578125
0.167578125
0.167578125
0.167578125
0.167578125
0.167578125
0.167578125
0.141796875
0.167578125
0.141796875
0.141796875
0.141796875
0.167578125
0.167578125
0.141796875
0.167578125
0.141796875
0.141796875
0.141796875
0.141796875
0.141796875
0.141796875
0.141796875
0.141796875
0.141796875
0.141796875
0.141796875
0.141796875
0.141796875
0.141796875
0.141796875
0.141796875
0.141796875
0.141796875
0.141796875
0.141796875
0.141796875
0.141796875
0.141796875
0.141796875
0.116015625
0.141796875
0.116015625
0.116015625
0.141796875
0.141796875
0.141796875
0.141796875
0.141796875
0.141796875
0.116015625
0.116015625
0.116015625
0.116015625
0.116015625
0.116015625
0.116015625
0.116015625
0.116015625
0.116015625
0.116015625
0.116015625
0.116015625
0.116015625
0.116015625
0.116015625
0.116015625
0.116015625
0.116015625
0.116015625
0.116015625
0.116015625
0.116015625
0.116015625
0.116015625
0.116015625
0.116015625
0.116015625
0.09023437499999999
0.116015625
0.116015625
0.09023437499999999
0.116015625
0.116015625
0.116015625
0.116015625
0.09023437499999999
0.09023437499999999
0.116015625
0.09023437499999999
0.09023437499999999
0.116015625
0.116015625
0.09023437499999999
0.09023437499999999
0.09023437499999999
0.09023437499999999
0.116015625
0.09023437499999999
0.09023437499999999
0.09023437499999999
0.09023437499999999
0.09023437499999999
0.09023437499999999
0.09023437499999999
0.09023437499999999
0.09023437499999999
0.09023437499999999
0.09023437499999999
0.09023437499999999
0.09023437499999999
0.09023437499999999
0.09023437499999999
0.09023437499999999
0.09023437499999999
0.09023437499999999
0.09023437499999999
0.09023437499999999
0.09023437499999999
0.09023437499999999
0.09023437499999999
0.09023437499999999
0.09023437499999999
0.09023437499999999
0.09023437499999999
0.09023437499999999
0.09023437499999999
0.09023437499999999
0.09023437499999999
0.09023437499999999
0.09023437499999999
0.09023437499999999
0.09023437499999999
0.09023437499999999
0.09023437499999999
0.09023437499999999
0.09023437499999999
0.09023437499999999
0.09023437499999999
0.09023437499999999